Metric:	Capsule froglength
Mean:	6.0585
Stdev:	0.8549
Regression coeff alpha	-1.8096	0.3166	0.0510	-0.5847	-0.1158	-0.4297	-0.0009	-0.2529	0.7322	-0.0724	-0.1729	-0.1827	0.4292	-0.4933	0.0435	0.1957	-0.0229	0.0327	0.2151	0.1746
Regression coeff beta	0.2969	-0.0520	-0.0076	0.0957	0.0206	0.0734	0.0007	0.0386	-0.1239	0.0107	0.0279	0.0282	-0.0718	0.0807	-0.0043	-0.0291	0.0014	-0.0068	-0.0381	-0.0309

Metric:	Capsule frogwidth
Mean:	9.8572
Stdev:	1.4154
Regression coeff alpha	-1.7714	0.6113	-0.5359	-0.8012	-0.3604	0.2763	-0.6521	-0.0789	0.1190	-0.0739	-0.0163	0.1414	-0.2347	0.0592	-0.0679	0.0442	-0.0433	-0.1372	0.0201	-0.2443
Regression coeff beta	0.1786	-0.0619	0.0549	0.0808	0.0375	-0.0265	0.0665	0.0061	-0.0139	0.0068	0.0013	-0.0155	0.0232	-0.0064	0.0087	-0.0025	0.0029	0.0131	-0.0036	0.0235

Metric:	Capsule heelangle
Mean:	0.6412
Stdev:	0.1346
Regression coeff alpha	-0.1988	-0.7368	0.3651	-0.1795	-0.3425	-0.6085	0.1145	-0.3637	-0.0726	0.1030	0.0167	0.1094	0.3019	0.6237	0.0119	0.5386	-0.4330	0.0978	0.0671	-0.1070
Regression coeff beta	0.2932	1.1512	-0.5617	0.2725	0.5479	0.9725	-0.1737	0.5378	0.0849	-0.1721	-0.0317	-0.1887	-0.4795	-0.9792	0.0087	-0.8093	0.6530	-0.1658	-0.1293	0.1475

Metric:	Capsule hoofwidth
Mean:	12.8943
Stdev:	1.3517
Regression coeff alpha	-2.5751	0.2964	-0.7695	-0.2074	-0.1824	0.7387	-0.1614	-0.1685	-0.9408	0.0006	-0.2771	0.1471	-0.2604	0.6951	-0.0777	0.0057	0.2596	-0.3854	0.1807	0.2645
Regression coeff beta	0.1989	-0.0229	0.0601	0.0157	0.0148	-0.0561	0.0128	0.0116	0.0716	-0.0006	0.0212	-0.0123	0.0198	-0.0542	0.0074	0.0011	-0.0212	0.0292	-0.0152	-0.0215

Metric:	Capsule supportlength
Mean:	12.0284
Stdev:	1.3652
Regression coeff alpha	-2.6111	0.6124	-0.2933	-0.4244	0.0626	-0.1391	0.6895	-0.1090	0.1046	-0.2524	0.0288	0.5753	0.0811	-0.1777	-0.1001	0.2754	-0.1805	0.1155	0.0436	0.1289
Regression coeff beta	0.2162	-0.0508	0.0248	0.0349	-0.0045	0.0128	-0.0571	0.0075	-0.0102	0.0204	-0.0027	-0.0488	-0.0072	0.0144	0.0098	-0.0213	0.0138	-0.0103	-0.0049	-0.0117

Metric:	Capsule toeangle
Mean:	0.8584
Stdev:	0.0789
Regression coeff alpha	0.5518	-0.3171	2.2052	0.6200	-0.8232	-0.1484	-1.3864	-0.0328	0.6025	0.7572	-0.4697	-1.6800	0.0848	0.3430	0.2901	0.1380	-0.4308	-0.3959	0.3711	0.2181
Regression coeff beta	-0.6554	0.3712	-2.5633	-0.7278	0.9694	0.1904	1.6188	0.0163	-0.7231	-0.8907	0.5429	1.9437	-0.1053	-0.4045	-0.3176	-0.1378	0.4853	0.4514	-0.4508	-0.2686

Metric:	Capsule toelength
Mean:	8.7116
Stdev:	1.3210
Regression coeff alpha	-1.8644	-0.1846	-0.8327	-0.0917	0.3325	-0.0171	0.5317	0.2142	-0.0068	-0.1673	-0.1802	0.0698	-0.3567	-0.0128	-0.2246	-0.1362	0.0007	-0.0291	-0.1166	0.2002
Regression coeff beta	0.2128	0.0214	0.0962	0.0100	-0.0371	0.0037	-0.0607	-0.0268	-0.0013	0.0184	0.0203	-0.0093	0.0403	0.0010	0.0278	0.0179	-0.0017	0.0024	0.0116	-0.0244

Metric:	Capsule underrun
Mean:	-0.2171
Stdev:	0.1373
Regression coeff alpha	0.0974	0.2151	0.0716	0.1044	0.0537	0.2044	-0.1494	0.0922	0.0514	0.0206	-0.0492	-0.1905	-0.0981	-0.1797	0.0421	-0.1394	0.0873	-0.0755	-0.0105	0.0377
Regression coeff beta	0.4985	0.9842	0.3072	0.5025	0.2064	0.8721	-0.7020	0.5117	0.3206	0.1289	-0.2099	-0.8238	-0.4262	-0.8078	0.1134	-0.7326	0.4674	-0.3086	0.0247	0.2306

Metric:	Capsule wallthickness
Mean:	1.0042
Stdev:	0.1502
Regression coeff alpha	-1.4449	-0.0804	-0.3345	-0.3381	-0.9819	0.1507	-0.1351	-0.3438	0.3589	-0.4747	0.2099	0.1089	0.6219	0.0475	0.0418	0.1286	0.0875	-0.1779	0.6390	0.1703
Regression coeff beta	1.4281	0.0815	0.3380	0.3320	0.9866	-0.1350	0.1376	0.3236	-0.3755	0.4653	-0.2126	-0.1200	-0.6248	-0.0516	-0.0243	-0.1084	-0.1013	0.1688	-0.6521	-0.1820

Metric:	Coffin capsuledev
Mean:	0.0306
Stdev:	0.0619
Regression coeff alpha	-0.0295	-0.0111	0.0017	-0.0878	-0.0187	-0.0142	0.0530	-0.0463	-0.0404	-0.0126	0.0455	0.0734	0.0019	-0.0045	-0.0067	0.0299	-0.0434	0.0219	-0.0155	-0.0470
Regression coeff beta	0.6103	0.4099	0.1068	2.7156	0.8994	0.9565	-1.6313	0.8960	0.7280	0.1697	-1.6038	-2.7793	-0.2446	0.0082	0.7911	-0.3331	0.9523	-0.9930	-0.0131	1.1301

Metric:	Coffin coffinangle
Mean:	0.8890
Stdev:	0.0698
Regression coeff alpha	0.3074	-0.7057	2.8400	-1.0726	-1.7187	-0.8681	-0.6966	-0.6622	0.2949	0.8853	0.4986	-0.2795	0.2846	0.4492	-0.1738	0.4084	-1.2293	0.1718	0.5050	-0.4958
Regression coeff beta	-0.3580	0.7955	-3.1891	1.2012	1.9433	0.9935	0.7871	0.7237	-0.3521	-1.0042	-0.5650	0.3013	-0.3264	-0.5101	0.2152	-0.4372	1.3668	-0.2027	-0.5859	0.5437

Metric:	Coffin palmarangle
Mean:	0.0892
Stdev:	0.0574
Regression coeff alpha	-0.0017	-0.0561	0.1803	-0.2615	-0.2119	-0.1288	-0.1331	-0.0767	0.0649	0.0405	0.0916	0.0404	0.0128	0.0942	-0.0198	0.0298	-0.1724	0.0252	0.0450	-0.1470
Regression coeff beta	-0.1019	0.6448	-1.9653	2.8780	2.4751	1.6131	1.5269	0.6477	-0.9311	-0.5363	-1.0676	-0.5834	-0.2062	-1.1033	0.4177	-0.1135	1.7733	-0.3773	-0.6818	1.5084

Metric:	Coffin toeheelsupport
Mean:	0.7422
Stdev:	0.0609
Regression coeff alpha	-0.7989	-1.2530	-2.7563	0.6671	1.4465	0.8995	0.3147	0.6425	-0.7449	-0.6617	0.0492	0.1306	-0.6740	-0.3059	-0.0547	-0.6144	0.5809	-0.2101	-0.4484	0.2151
Regression coeff beta	1.0618	1.6902	3.7204	-0.9052	-1.9370	-1.1916	-0.4199	-0.8911	0.9791	0.8816	-0.0711	-0.1916	0.9006	0.4064	0.0973	0.8543	-0.8018	0.2717	0.5828	-0.3066

Metric:	longpastern curvradius
Mean:	1.3138
Stdev:	0.1285
Regression coeff alpha	-2.2573	0.9193	0.5169	0.8034	0.0591	-0.1591	-0.2259	0.0392	-0.6820	0.1824	-0.0019	-0.3273	0.5387	-0.4971	0.1151	1.3900	0.2975	-1.0856	-0.3337	0.1681
Regression coeff beta	1.7099	-0.6986	-0.3897	-0.6151	-0.0382	0.1326	0.1743	-0.0442	0.5053	-0.1444	-0.0013	0.2403	-0.4142	0.3751	-0.0743	-1.0431	-0.2373	0.8199	0.2419	-0.1374

Metric:	longpastern depth
Mean:	2.9998
Stdev:	0.1653
Regression coeff alpha	-4.4863	0.5025	1.0051	1.4587	-1.4949	-2.2132	-0.8922	-0.5555	-0.5410	0.3750	0.6602	0.3675	0.1591	-0.6173	0.4294	0.1981	0.1786	-0.3608	-0.3053	0.0777
Regression coeff beta	1.4919	-0.1670	-0.3334	-0.4878	0.5013	0.7428	0.2984	0.1789	0.1743	-0.1275	-0.2213	-0.1264	-0.0549	0.2043	-0.1373	-0.0595	-0.0643	0.1175	0.0965	-0.0300

Metric:	longpastern width
Mean:	2.8670
Stdev:	0.1564
Regression coeff alpha	-4.9079	0.9494	0.7784	2.0035	-0.8730	-1.4086	-1.0260	-0.0287	-0.5755	-0.0468	-0.5131	0.2601	-1.0069	-0.1745	0.0223	0.0960	0.0399	0.2352	0.2686	0.0295
Regression coeff beta	1.7081	-0.3307	-0.2698	-0.7005	0.3076	0.4966	0.3590	0.0034	0.1944	0.0138	0.1777	-0.0948	0.3493	0.0594	-0.0017	-0.0266	-0.0189	-0.0850	-0.0992	-0.0146

Metric:	longpastern length
Mean:	8.5215
Stdev:	0.3834
Regression coeff alpha	-3.2536	-0.1531	-0.0259	2.6306	-1.1228	-4.0774	-0.1328	3.1830	-1.5532	1.2994	-0.8350	0.7221	-0.9024	-0.1656	-0.6763	-0.9659	-0.9672	-0.0497	-0.7523	0.9996
Regression coeff beta	0.3805	0.0181	0.0036	-0.3093	0.1328	0.4803	0.0159	-0.3757	0.1801	-0.1534	0.0976	-0.0861	0.1052	0.0189	0.0814	0.1157	0.1118	0.0048	0.0864	-0.1188

Metric:	shortpastern curvradius
Mean:	1.3013
Stdev:	0.0949
Regression coeff alpha	-3.7767	0.9729	-0.0602	0.5514	0.2277	0.5516	-0.9206	-0.3225	-0.0813	0.4659	0.3522	0.1665	0.7339	-0.7928	0.0695	1.0540	-0.3851	0.0185	0.2399	0.3242
Regression coeff beta	2.8939	-0.7465	0.0501	-0.4274	-0.1682	-0.4123	0.7098	0.2333	0.0485	-0.3637	-0.2734	-0.1368	-0.5683	0.6060	-0.0400	-0.7948	0.2850	-0.0207	-0.1966	-0.2587

Metric:	shortpastern depth
Mean:	2.7362
Stdev:	0.1554
Regression coeff alpha	-4.9287	1.5328	0.9286	0.9429	-0.5379	-0.3143	-0.7522	0.0062	-0.3562	0.2963	1.1371	0.8986	0.0219	-0.0590	-0.4749	0.6097	0.5375	-0.0725	-0.2775	-0.2979
Regression coeff beta	1.7973	-0.5597	-0.3376	-0.3463	0.1998	0.1204	0.2760	-0.0092	0.1236	-0.1110	-0.4169	-0.3327	-0.0100	0.0200	0.1799	-0.2156	-0.2016	0.0234	0.0956	0.1043

Metric:	shortpastern width
Mean:	2.5972
Stdev:	0.1469
Regression coeff alpha	-5.2183	0.6978	0.6239	1.2975	-0.6582	-0.4566	-1.0212	0.1642	-0.9069	0.1901	-0.2549	0.5387	-0.4829	0.0790	0.1300	-0.0181	-0.1279	-0.1125	0.0042	-0.0402
Regression coeff beta	2.0050	-0.2681	-0.2383	-0.5014	0.2568	0.1816	0.3944	-0.0705	0.3422	-0.0760	0.0967	-0.2119	0.1838	-0.0320	-0.0433	0.0145	0.0438	0.0401	-0.0077	0.0107

Metric:	shortpastern length
Mean:	4.0237
Stdev:	0.2469
Regression coeff alpha	-3.4791	1.3415	0.5056	1.0099	-0.4607	-1.8370	-1.2503	2.7029	-0.3893	0.1332	-0.4654	0.2547	-0.2274	-0.7323	-0.0348	0.0852	0.8391	-0.0658	-0.8712	0.0953
Regression coeff beta	0.8620	-0.3330	-0.1244	-0.2522	0.1167	0.4603	0.3115	-0.6764	0.0922	-0.0349	0.1148	-0.0662	0.0551	0.1809	0.0130	-0.0163	-0.2121	0.0142	0.2126	-0.0268

Metric:	Cannon curvradius
Mean:	1.6435
Stdev:	0.1042
Regression coeff alpha	-4.0558	1.1574	1.0065	1.1191	-0.0408	-1.7120	-0.5670	0.6151	-1.3711	-0.3696	0.1344	0.0955	-0.1125	-0.8639	-0.0907	0.4597	0.3997	-0.1790	-0.6062	-0.0258
Regression coeff beta	2.4612	-0.7034	-0.6094	-0.6838	0.0302	1.0509	0.3469	-0.3858	0.8232	0.2204	-0.0840	-0.0651	0.0650	0.5231	0.0658	-0.2677	-0.2519	0.1038	0.3592	0.0082

Metric:	Cannon mediolateralwidth
Mean:	5.0701
Stdev:	0.2870
Regression coeff alpha	-4.1469	0.7219	0.4586	1.9465	-0.6152	-2.2818	-1.8502	-0.0335	-0.7108	0.0694	-0.2390	-0.1095	-1.0916	-0.1952	0.0718	-0.0880	0.2641	0.1948	-0.0064	-0.1629
Regression coeff beta	0.8158	-0.1421	-0.0895	-0.3849	0.1231	0.4530	0.3655	0.0029	0.1366	-0.0151	0.0464	0.0193	0.2142	0.0377	-0.0107	0.0212	-0.0549	-0.0401	-0.0019	0.0297

Metric:	Cannon ridgewidth
Mean:	2.1325
Stdev:	0.1647
Regression coeff alpha	-2.5215	0.6951	0.5898	2.0542	0.0826	-0.9240	-0.0630	-0.1854	-1.3836	-0.6492	-0.7169	0.3089	-1.4344	-0.3995	0.2496	-0.5243	0.4762	-0.2584	-0.2733	0.1285
Regression coeff beta	1.1773	-0.3253	-0.2742	-0.9655	-0.0346	0.4404	0.0310	0.0781	0.6403	0.3010	0.3345	-0.1503	0.6700	0.1854	-0.1088	0.2551	-0.2300	0.1172	0.1207	-0.0661

Metric:	navicular angle
Mean:	0.3293
Stdev:	0.0310
Regression coeff alpha	-0.7108	-1.0027	2.2700	1.3233	0.4950	0.5108	0.9613	-0.1865	-0.0403	0.5073	-0.5704	-0.4031	0.7415	-0.1358	0.3208	0.1393	-0.2729	0.0404	-0.5710	1.0218
Regression coeff beta	2.1256	3.0493	-6.8782	-4.0328	-1.4762	-1.5052	-2.9097	0.5091	0.0672	-1.5629	1.7212	1.1889	-2.2685	0.3996	-0.9212	-0.3633	0.7855	-0.1484	1.6857	-3.1404

Metric:	navicular length
Mean:	1.9153
Stdev:	0.1700
Regression coeff alpha	-2.3025	0.5432	-0.1213	1.1314	-0.6119	-0.9233	-0.5912	0.5335	-0.8399	0.0736	0.9217	0.1988	0.0253	0.5096	1.2732	0.7058	0.0727	0.2799	-0.5065	-0.0555
Regression coeff beta	1.1965	-0.2828	0.0659	-0.5932	0.3241	0.4899	0.3103	-0.2884	0.4291	-0.0423	-0.4831	-0.1099	-0.0161	-0.2683	-0.6556	-0.3582	-0.0454	-0.1506	0.2562	0.0225

